tick,iso8601,tests performed,tests performed (resident),positive tests,positive tests (resident),cumulative positive tests
144,02/24/2020T00:00:00 ,0,0,0,0,0
288,02/25/2020T00:00:00 ,0,0,0,0,0
432,02/26/2020T00:00:00 ,0,0,0,0,0
576,02/27/2020T00:00:00 ,1,1,0,0,0
720,02/28/2020T00:00:00 ,1,1,1,1,1
864,02/29/2020T00:00:00 ,1,1,1,1,2
1008,03/01/2020T00:00:00 ,1,1,1,1,3
1152,03/02/2020T00:00:00 ,1,1,1,1,4
1296,03/03/2020T00:00:00 ,1,1,1,1,5
1440,03/04/2020T00:00:00 ,1,1,1,1,6
1584,03/05/2020T00:00:00 ,2,1,0,0,6
1728,03/06/2020T00:00:00 ,2,1,0,0,6
1872,03/07/2020T00:00:00 ,2,2,1,1,7
2016,03/08/2020T00:00:00 ,3,2,2,1,9
2160,03/09/2020T00:00:00 ,4,3,2,2,11
2304,03/10/2020T00:00:00 ,11,8,5,3,16
2448,03/11/2020T00:00:00 ,18,7,8,4,24
2592,03/12/2020T00:00:00 ,22,17,6,6,30
2736,03/13/2020T00:00:00 ,23,13,10,4,40
2880,03/14/2020T00:00:00 ,37,17,15,5,55
3024,03/15/2020T00:00:00 ,48,20,20,5,75
3168,03/16/2020T00:00:00 ,23,13,12,6,87
3312,03/17/2020T00:00:00 ,33,17,17,13,104
3456,03/18/2020T00:00:00 ,34,22,18,12,122
3600,03/19/2020T00:00:00 ,27,16,13,7,135
3744,03/20/2020T00:00:00 ,41,25,17,9,152
3888,03/21/2020T00:00:00 ,54,32,25,14,177
4032,03/22/2020T00:00:00 ,42,18,22,11,199
4176,03/23/2020T00:00:00 ,26,18,16,11,215
4320,03/24/2020T00:00:00 ,34,21,21,11,236
4464,03/25/2020T00:00:00 ,39,22,17,8,253
4608,03/26/2020T00:00:00 ,42,26,25,17,278
4752,03/27/2020T00:00:00 ,31,17,19,8,297
4896,03/28/2020T00:00:00 ,28,18,15,11,312
5040,03/29/2020T00:00:00 ,27,18,12,9,324
5184,03/30/2020T00:00:00 ,19,16,11,11,335
5328,03/31/2020T00:00:00 ,16,13,9,9,344
5472,04/01/2020T00:00:00 ,12,7,8,4,352
5616,04/02/2020T00:00:00 ,16,12,8,6,360
5760,04/03/2020T00:00:00 ,12,6,5,4,365
5904,04/04/2020T00:00:00 ,20,14,11,8,376
6048,04/05/2020T00:00:00 ,18,9,8,5,384
6192,04/06/2020T00:00:00 ,14,12,9,8,393
6336,04/07/2020T00:00:00 ,13,9,9,5,402
6480,04/08/2020T00:00:00 ,14,12,7,6,409
6624,04/09/2020T00:00:00 ,24,14,16,9,425
6768,04/10/2020T00:00:00 ,17,12,6,3,431
6912,04/11/2020T00:00:00 ,18,13,10,10,441
7056,04/12/2020T00:00:00 ,17,11,7,5,448
7200,04/13/2020T00:00:00 ,19,16,9,8,457
7344,04/14/2020T00:00:00 ,11,7,8,5,465
7488,04/15/2020T00:00:00 ,9,7,3,2,468
7632,04/16/2020T00:00:00 ,9,6,5,3,473
7776,04/17/2020T00:00:00 ,14,11,6,5,479
7920,04/18/2020T00:00:00 ,9,7,4,3,483
8064,04/19/2020T00:00:00 ,5,5,3,3,486
8208,04/20/2020T00:00:00 ,5,2,2,1,488
8352,04/21/2020T00:00:00 ,9,9,6,6,494
8496,04/22/2020T00:00:00 ,7,4,4,3,498
8640,04/23/2020T00:00:00 ,13,7,8,4,506
8784,04/24/2020T00:00:00 ,10,6,8,4,514
8928,04/25/2020T00:00:00 ,258,256,9,9,523
9072,04/26/2020T00:00:00 ,293,293,8,8,531
9216,04/27/2020T00:00:00 ,316,315,13,13,544
9360,04/28/2020T00:00:00 ,365,293,0,0,544
9504,04/29/2020T00:00:00 ,359,317,4,4,548
9648,04/30/2020T00:00:00 ,362,237,6,3,554
9792,05/01/2020T00:00:00 ,367,351,9,8,563
9936,05/02/2020T00:00:00 ,13,12,2,2,565
10080,05/03/2020T00:00:00 ,24,21,4,1,569
10224,05/04/2020T00:00:00 ,1,1,1,1,570
10368,05/05/2020T00:00:00 ,334,318,7,7,577
10512,05/06/2020T00:00:00 ,337,255,1,0,578
10656,05/07/2020T00:00:00 ,337,337,1,1,579
10800,05/08/2020T00:00:00 ,52,51,2,2,581
10944,05/09/2020T00:00:00 ,334,291,4,4,585
11088,05/10/2020T00:00:00 ,19,19,0,0,585
11232,05/11/2020T00:00:00 ,330,330,1,1,586
11376,05/12/2020T00:00:00 ,323,225,0,0,586
11520,05/13/2020T00:00:00 ,8,6,2,2,588
11664,05/14/2020T00:00:00 ,29,29,1,1,589
11808,05/15/2020T00:00:00 ,336,336,3,3,592
11952,05/16/2020T00:00:00 ,0,0,0,0,592
12096,05/17/2020T00:00:00 ,5,4,0,0,592
12240,05/18/2020T00:00:00 ,1,1,1,1,593
12384,05/19/2020T00:00:00 ,300,300,1,1,594
12528,05/20/2020T00:00:00 ,4,4,0,0,594
12672,05/21/2020T00:00:00 ,8,7,1,1,595
12816,05/22/2020T00:00:00 ,0,0,0,0,595
12960,05/23/2020T00:00:00 ,8,6,0,0,595
13104,05/24/2020T00:00:00 ,13,8,0,0,595
13248,05/25/2020T00:00:00 ,321,313,1,1,596
13392,05/26/2020T00:00:00 ,26,23,0,0,596
13536,05/27/2020T00:00:00 ,41,33,0,0,596
13680,05/28/2020T00:00:00 ,15,11,1,1,597
13824,05/29/2020T00:00:00 ,32,24,0,0,597
13968,05/30/2020T00:00:00 ,324,253,0,0,597
14112,05/31/2020T00:00:00 ,338,266,0,0,597
14256,06/01/2020T00:00:00 ,497,379,0,0,597
14400,06/02/2020T00:00:00 ,530,407,0,0,597
14544,06/03/2020T00:00:00 ,522,401,0,0,597
14688,06/04/2020T00:00:00 ,518,395,0,0,597
14832,06/05/2020T00:00:00 ,634,473,0,0,597
14976,06/06/2020T00:00:00 ,676,535,0,0,597
15120,06/07/2020T00:00:00 ,770,587,1,1,598
15264,06/08/2020T00:00:00 ,858,666,0,0,598
15408,06/09/2020T00:00:00 ,983,769,0,0,598
15552,06/10/2020T00:00:00 ,1040,807,0,0,598
15696,06/11/2020T00:00:00 ,862,672,0,0,598
15840,06/12/2020T00:00:00 ,814,633,0,0,598
15984,06/13/2020T00:00:00 ,1240,904,1,1,599
16128,06/14/2020T00:00:00 ,1318,1015,0,0,599
16272,06/15/2020T00:00:00 ,1411,1079,0,0,599
16416,06/16/2020T00:00:00 ,1445,1126,0,0,599
16560,06/17/2020T00:00:00 ,1533,1167,1,1,600
16704,06/18/2020T00:00:00 ,1527,1159,0,0,600
16848,06/19/2020T00:00:00 ,1570,1154,0,0,600
16992,06/20/2020T00:00:00 ,1357,1024,0,0,600
17136,06/21/2020T00:00:00 ,1315,1030,0,0,600
17280,06/22/2020T00:00:00 ,1284,1001,0,0,600
17424,06/23/2020T00:00:00 ,1237,891,0,0,600
17568,06/24/2020T00:00:00 ,1229,925,0,0,600
17712,06/25/2020T00:00:00 ,1244,963,0,0,600
17856,06/26/2020T00:00:00 ,1319,1001,0,0,600
18000,06/27/2020T00:00:00 ,1626,1218,0,0,600
18144,06/28/2020T00:00:00 ,1801,1395,0,0,600
18288,06/29/2020T00:00:00 ,2006,1564,0,0,600
18432,06/30/2020T00:00:00 ,2182,1720,0,0,600
