tick,iso8601,tests performed,tests performed (resident),positive tests,positive tests (resident),cumulative positive tests
144,02/24/2020T00:00:00 ,0,0,0,0,0
288,02/25/2020T00:00:00 ,0,0,0,0,0
432,02/26/2020T00:00:00 ,0,0,0,0,0
576,02/27/2020T00:00:00 ,1,1,1,1,1
720,02/28/2020T00:00:00 ,1,1,1,1,2
864,02/29/2020T00:00:00 ,1,1,1,1,3
1008,03/01/2020T00:00:00 ,1,1,0,0,3
1152,03/02/2020T00:00:00 ,1,1,1,1,4
1296,03/03/2020T00:00:00 ,1,1,1,1,5
1440,03/04/2020T00:00:00 ,1,0,0,0,5
1584,03/05/2020T00:00:00 ,2,1,0,0,5
1728,03/06/2020T00:00:00 ,2,2,2,2,7
1872,03/07/2020T00:00:00 ,2,2,2,2,9
2016,03/08/2020T00:00:00 ,3,1,2,1,11
2160,03/09/2020T00:00:00 ,4,4,0,0,11
2304,03/10/2020T00:00:00 ,11,5,6,2,17
2448,03/11/2020T00:00:00 ,19,12,8,6,25
2592,03/12/2020T00:00:00 ,23,10,9,4,34
2736,03/13/2020T00:00:00 ,24,13,12,8,46
2880,03/14/2020T00:00:00 ,37,16,20,8,66
3024,03/15/2020T00:00:00 ,61,37,25,17,91
3168,03/16/2020T00:00:00 ,95,62,43,32,134
3312,03/17/2020T00:00:00 ,74,42,36,19,170
3456,03/18/2020T00:00:00 ,88,53,45,29,215
3600,03/19/2020T00:00:00 ,90,57,45,31,260
3744,03/20/2020T00:00:00 ,79,54,37,25,297
3888,03/21/2020T00:00:00 ,83,53,42,30,339
4032,03/22/2020T00:00:00 ,90,61,50,31,389
4176,03/23/2020T00:00:00 ,60,35,27,14,416
4320,03/24/2020T00:00:00 ,67,40,33,22,449
4464,03/25/2020T00:00:00 ,79,45,49,28,498
4608,03/26/2020T00:00:00 ,88,50,41,22,539
4752,03/27/2020T00:00:00 ,58,31,30,16,569
4896,03/28/2020T00:00:00 ,69,42,26,13,595
5040,03/29/2020T00:00:00 ,49,34,16,13,611
5184,03/30/2020T00:00:00 ,37,25,18,14,629
5328,03/31/2020T00:00:00 ,32,26,19,16,648
5472,04/01/2020T00:00:00 ,40,29,20,14,668
5616,04/02/2020T00:00:00 ,36,25,18,11,686
5760,04/03/2020T00:00:00 ,38,28,16,11,702
5904,04/04/2020T00:00:00 ,31,22,11,7,713
6048,04/05/2020T00:00:00 ,34,23,15,10,728
6192,04/06/2020T00:00:00 ,30,19,10,5,738
6336,04/07/2020T00:00:00 ,21,17,12,10,750
6480,04/08/2020T00:00:00 ,21,14,10,9,760
6624,04/09/2020T00:00:00 ,30,23,11,10,771
6768,04/10/2020T00:00:00 ,29,21,19,14,790
6912,04/11/2020T00:00:00 ,17,12,8,5,798
7056,04/12/2020T00:00:00 ,26,14,15,8,813
7200,04/13/2020T00:00:00 ,21,15,13,10,826
7344,04/14/2020T00:00:00 ,17,15,8,7,834
7488,04/15/2020T00:00:00 ,15,11,7,6,841
7632,04/16/2020T00:00:00 ,15,13,6,5,847
7776,04/17/2020T00:00:00 ,13,11,5,4,852
7920,04/18/2020T00:00:00 ,4,3,2,2,854
8064,04/19/2020T00:00:00 ,9,9,3,3,857
8208,04/20/2020T00:00:00 ,8,6,4,4,861
8352,04/21/2020T00:00:00 ,6,6,4,4,865
8496,04/22/2020T00:00:00 ,6,6,2,2,867
8640,04/23/2020T00:00:00 ,8,7,3,3,870
8784,04/24/2020T00:00:00 ,11,10,6,6,876
8928,04/25/2020T00:00:00 ,258,213,33,30,909
9072,04/26/2020T00:00:00 ,193,129,5,5,914
9216,04/27/2020T00:00:00 ,49,36,11,10,925
9360,04/28/2020T00:00:00 ,365,248,0,0,925
9504,04/29/2020T00:00:00 ,360,317,33,31,958
9648,04/30/2020T00:00:00 ,362,275,8,6,966
9792,05/01/2020T00:00:00 ,62,52,15,14,981
9936,05/02/2020T00:00:00 ,215,163,39,30,1020
10080,05/03/2020T00:00:00 ,362,303,54,44,1074
10224,05/04/2020T00:00:00 ,17,16,15,14,1089
10368,05/05/2020T00:00:00 ,334,275,1,1,1090
10512,05/06/2020T00:00:00 ,337,308,25,20,1115
10656,05/07/2020T00:00:00 ,337,259,1,1,1116
10800,05/08/2020T00:00:00 ,40,38,22,21,1138
10944,05/09/2020T00:00:00 ,188,153,6,5,1144
11088,05/10/2020T00:00:00 ,236,180,27,23,1171
11232,05/11/2020T00:00:00 ,5,4,4,4,1175
11376,05/12/2020T00:00:00 ,323,227,13,13,1188
11520,05/13/2020T00:00:00 ,18,17,9,8,1197
11664,05/14/2020T00:00:00 ,192,160,15,14,1212
11808,05/15/2020T00:00:00 ,336,260,3,2,1215
11952,05/16/2020T00:00:00 ,33,29,12,11,1227
12096,05/17/2020T00:00:00 ,111,87,10,6,1237
12240,05/18/2020T00:00:00 ,145,115,11,10,1248
12384,05/19/2020T00:00:00 ,219,174,6,3,1254
12528,05/20/2020T00:00:00 ,36,27,7,6,1261
12672,05/21/2020T00:00:00 ,299,185,1,1,1262
12816,05/22/2020T00:00:00 ,141,112,2,1,1264
12960,05/23/2020T00:00:00 ,304,263,1,0,1265
13104,05/24/2020T00:00:00 ,24,19,2,1,1267
13248,05/25/2020T00:00:00 ,313,199,0,0,1267
13392,05/26/2020T00:00:00 ,165,129,1,1,1268
13536,05/27/2020T00:00:00 ,22,15,0,0,1268
13680,05/28/2020T00:00:00 ,32,26,1,1,1269
13824,05/29/2020T00:00:00 ,381,275,0,0,1269
13968,05/30/2020T00:00:00 ,457,364,0,0,1269
14112,05/31/2020T00:00:00 ,336,261,0,0,1269
14256,06/01/2020T00:00:00 ,497,376,0,0,1269
14400,06/02/2020T00:00:00 ,530,404,0,0,1269
14544,06/03/2020T00:00:00 ,526,427,0,0,1269
14688,06/04/2020T00:00:00 ,534,416,0,0,1269
14832,06/05/2020T00:00:00 ,634,522,0,0,1269
14976,06/06/2020T00:00:00 ,676,523,0,0,1269
15120,06/07/2020T00:00:00 ,770,597,0,0,1269
15264,06/08/2020T00:00:00 ,858,661,0,0,1269
15408,06/09/2020T00:00:00 ,983,772,0,0,1269
15552,06/10/2020T00:00:00 ,1040,840,0,0,1269
15696,06/11/2020T00:00:00 ,843,664,0,0,1269
15840,06/12/2020T00:00:00 ,883,682,0,0,1269
15984,06/13/2020T00:00:00 ,1240,979,0,0,1269
16128,06/14/2020T00:00:00 ,1318,996,0,0,1269
16272,06/15/2020T00:00:00 ,1411,1071,0,0,1269
16416,06/16/2020T00:00:00 ,1445,1111,0,0,1269
16560,06/17/2020T00:00:00 ,1533,1200,0,0,1269
16704,06/18/2020T00:00:00 ,1527,1187,0,0,1269
16848,06/19/2020T00:00:00 ,1570,1225,0,0,1269
16992,06/20/2020T00:00:00 ,1357,1042,0,0,1269
17136,06/21/2020T00:00:00 ,1315,1033,0,0,1269
17280,06/22/2020T00:00:00 ,1284,1025,0,0,1269
17424,06/23/2020T00:00:00 ,1237,961,0,0,1269
17568,06/24/2020T00:00:00 ,1229,954,0,0,1269
17712,06/25/2020T00:00:00 ,1244,955,0,0,1269
17856,06/26/2020T00:00:00 ,1319,1014,0,0,1269
18000,06/27/2020T00:00:00 ,1626,1240,0,0,1269
18144,06/28/2020T00:00:00 ,1801,1421,0,0,1269
18288,06/29/2020T00:00:00 ,2006,1573,0,0,1269
18432,06/30/2020T00:00:00 ,2182,1724,0,0,1269
