tick,iso8601,tests performed,tests performed (resident),positive tests,positive tests (resident),cumulative positive tests
144,02/24/2020T00:00:00 ,0,0,0,0,0
288,02/25/2020T00:00:00 ,0,0,0,0,0
432,02/26/2020T00:00:00 ,0,0,0,0,0
576,02/27/2020T00:00:00 ,1,1,1,1,1
720,02/28/2020T00:00:00 ,1,1,0,0,1
864,02/29/2020T00:00:00 ,1,1,1,1,2
1008,03/01/2020T00:00:00 ,1,1,0,0,2
1152,03/02/2020T00:00:00 ,1,1,0,0,2
1296,03/03/2020T00:00:00 ,0,0,0,0,2
1440,03/04/2020T00:00:00 ,1,1,1,1,3
1584,03/05/2020T00:00:00 ,0,0,0,0,3
1728,03/06/2020T00:00:00 ,2,0,0,0,3
1872,03/07/2020T00:00:00 ,2,2,1,1,4
2016,03/08/2020T00:00:00 ,1,0,0,0,4
2160,03/09/2020T00:00:00 ,0,0,0,0,4
2304,03/10/2020T00:00:00 ,1,1,1,1,5
2448,03/11/2020T00:00:00 ,1,0,1,0,6
2592,03/12/2020T00:00:00 ,1,1,1,1,7
2736,03/13/2020T00:00:00 ,1,0,1,0,8
2880,03/14/2020T00:00:00 ,9,6,5,4,13
3024,03/15/2020T00:00:00 ,2,1,1,0,14
3168,03/16/2020T00:00:00 ,3,3,3,3,17
3312,03/17/2020T00:00:00 ,2,1,0,0,17
3456,03/18/2020T00:00:00 ,3,3,2,2,19
3600,03/19/2020T00:00:00 ,10,4,4,1,23
3744,03/20/2020T00:00:00 ,17,6,7,4,30
3888,03/21/2020T00:00:00 ,7,4,2,1,32
4032,03/22/2020T00:00:00 ,15,9,5,3,37
4176,03/23/2020T00:00:00 ,8,3,3,2,40
4320,03/24/2020T00:00:00 ,10,7,2,1,42
4464,03/25/2020T00:00:00 ,12,5,6,2,48
4608,03/26/2020T00:00:00 ,8,6,4,3,52
4752,03/27/2020T00:00:00 ,11,7,8,6,60
4896,03/28/2020T00:00:00 ,4,3,3,2,63
5040,03/29/2020T00:00:00 ,2,2,2,2,65
5184,03/30/2020T00:00:00 ,3,1,2,1,67
5328,03/31/2020T00:00:00 ,0,0,0,0,67
5472,04/01/2020T00:00:00 ,0,0,0,0,67
5616,04/02/2020T00:00:00 ,0,0,0,0,67
5760,04/03/2020T00:00:00 ,2,0,2,0,69
5904,04/04/2020T00:00:00 ,0,0,0,0,69
6048,04/05/2020T00:00:00 ,0,0,0,0,69
6192,04/06/2020T00:00:00 ,0,0,0,0,69
6336,04/07/2020T00:00:00 ,0,0,0,0,69
6480,04/08/2020T00:00:00 ,1,0,0,0,69
6624,04/09/2020T00:00:00 ,0,0,0,0,69
6768,04/10/2020T00:00:00 ,2,1,0,0,69
6912,04/11/2020T00:00:00 ,0,0,0,0,69
7056,04/12/2020T00:00:00 ,2,0,2,0,71
7200,04/13/2020T00:00:00 ,0,0,0,0,71
7344,04/14/2020T00:00:00 ,1,0,0,0,71
7488,04/15/2020T00:00:00 ,1,1,0,0,71
7632,04/16/2020T00:00:00 ,0,0,0,0,71
7776,04/17/2020T00:00:00 ,0,0,0,0,71
7920,04/18/2020T00:00:00 ,1,0,1,0,72
8064,04/19/2020T00:00:00 ,0,0,0,0,72
8208,04/20/2020T00:00:00 ,0,0,0,0,72
8352,04/21/2020T00:00:00 ,1,1,1,1,73
8496,04/22/2020T00:00:00 ,0,0,0,0,73
8640,04/23/2020T00:00:00 ,1,0,0,0,73
8784,04/24/2020T00:00:00 ,0,0,0,0,73
8928,04/25/2020T00:00:00 ,0,0,0,0,73
9072,04/26/2020T00:00:00 ,1,0,1,0,74
9216,04/27/2020T00:00:00 ,31,26,0,0,74
9360,04/28/2020T00:00:00 ,0,0,0,0,74
9504,04/29/2020T00:00:00 ,0,0,0,0,74
9648,04/30/2020T00:00:00 ,2,2,1,1,75
9792,05/01/2020T00:00:00 ,0,0,0,0,75
9936,05/02/2020T00:00:00 ,377,377,2,2,77
10080,05/03/2020T00:00:00 ,0,0,0,0,77
10224,05/04/2020T00:00:00 ,0,0,0,0,77
10368,05/05/2020T00:00:00 ,0,0,0,0,77
10512,05/06/2020T00:00:00 ,337,337,2,2,79
10656,05/07/2020T00:00:00 ,0,0,0,0,79
10800,05/08/2020T00:00:00 ,3,3,0,0,79
10944,05/09/2020T00:00:00 ,0,0,0,0,79
11088,05/10/2020T00:00:00 ,1,0,1,0,80
11232,05/11/2020T00:00:00 ,0,0,0,0,80
11376,05/12/2020T00:00:00 ,323,323,1,1,81
11520,05/13/2020T00:00:00 ,0,0,0,0,81
11664,05/14/2020T00:00:00 ,1,1,0,0,81
11808,05/15/2020T00:00:00 ,0,0,0,0,81
11952,05/16/2020T00:00:00 ,331,331,2,2,83
12096,05/17/2020T00:00:00 ,0,0,0,0,83
12240,05/18/2020T00:00:00 ,0,0,0,0,83
12384,05/19/2020T00:00:00 ,0,0,0,0,83
12528,05/20/2020T00:00:00 ,2,1,2,1,85
12672,05/21/2020T00:00:00 ,0,0,0,0,85
12816,05/22/2020T00:00:00 ,296,296,0,0,85
12960,05/23/2020T00:00:00 ,12,10,0,0,85
13104,05/24/2020T00:00:00 ,8,6,1,0,86
13248,05/25/2020T00:00:00 ,15,14,0,0,86
13392,05/26/2020T00:00:00 ,376,372,0,0,86
13536,05/27/2020T00:00:00 ,13,12,0,0,86
13680,05/28/2020T00:00:00 ,12,10,0,0,86
13824,05/29/2020T00:00:00 ,31,25,0,0,86
13968,05/30/2020T00:00:00 ,457,425,0,0,86
14112,05/31/2020T00:00:00 ,339,264,0,0,86
14256,06/01/2020T00:00:00 ,497,385,0,0,86
14400,06/02/2020T00:00:00 ,530,420,0,0,86
14544,06/03/2020T00:00:00 ,508,392,0,0,86
14688,06/04/2020T00:00:00 ,542,418,0,0,86
14832,06/05/2020T00:00:00 ,634,478,0,0,86
14976,06/06/2020T00:00:00 ,676,523,0,0,86
15120,06/07/2020T00:00:00 ,770,598,0,0,86
15264,06/08/2020T00:00:00 ,858,644,0,0,86
15408,06/09/2020T00:00:00 ,983,754,0,0,86
15552,06/10/2020T00:00:00 ,1040,797,0,0,86
15696,06/11/2020T00:00:00 ,817,630,0,0,86
15840,06/12/2020T00:00:00 ,832,635,0,0,86
15984,06/13/2020T00:00:00 ,1240,937,0,0,86
16128,06/14/2020T00:00:00 ,1318,999,0,0,86
16272,06/15/2020T00:00:00 ,1411,1107,0,0,86
16416,06/16/2020T00:00:00 ,1445,1092,0,0,86
16560,06/17/2020T00:00:00 ,1533,1164,0,0,86
16704,06/18/2020T00:00:00 ,1527,1195,0,0,86
16848,06/19/2020T00:00:00 ,1570,1234,0,0,86
16992,06/20/2020T00:00:00 ,1357,1031,0,0,86
17136,06/21/2020T00:00:00 ,1315,1005,0,0,86
17280,06/22/2020T00:00:00 ,1284,980,0,0,86
17424,06/23/2020T00:00:00 ,1237,959,0,0,86
17568,06/24/2020T00:00:00 ,1229,933,0,0,86
17712,06/25/2020T00:00:00 ,1244,975,0,0,86
17856,06/26/2020T00:00:00 ,1319,1027,0,0,86
18000,06/27/2020T00:00:00 ,1626,1236,0,0,86
18144,06/28/2020T00:00:00 ,1801,1417,0,0,86
18288,06/29/2020T00:00:00 ,2006,1552,0,0,86
18432,06/30/2020T00:00:00 ,2182,1680,0,0,86
