tick,iso8601,tests performed,tests performed (resident),positive tests,positive tests (resident),cumulative positive tests
144,02/24/2020T00:00:00 ,0,0,0,0,0
288,02/25/2020T00:00:00 ,0,0,0,0,0
432,02/26/2020T00:00:00 ,0,0,0,0,0
576,02/27/2020T00:00:00 ,1,1,0,0,0
720,02/28/2020T00:00:00 ,1,1,1,1,1
864,02/29/2020T00:00:00 ,1,1,1,1,2
1008,03/01/2020T00:00:00 ,1,1,1,1,3
1152,03/02/2020T00:00:00 ,1,1,1,1,4
1296,03/03/2020T00:00:00 ,1,1,1,1,5
1440,03/04/2020T00:00:00 ,1,1,1,1,6
1584,03/05/2020T00:00:00 ,2,2,1,1,7
1728,03/06/2020T00:00:00 ,1,0,1,0,8
1872,03/07/2020T00:00:00 ,1,0,0,0,8
2016,03/08/2020T00:00:00 ,1,1,1,1,9
2160,03/09/2020T00:00:00 ,2,1,1,0,10
2304,03/10/2020T00:00:00 ,1,0,0,0,10
2448,03/11/2020T00:00:00 ,1,1,0,0,10
2592,03/12/2020T00:00:00 ,10,3,7,2,17
2736,03/13/2020T00:00:00 ,4,4,4,4,21
2880,03/14/2020T00:00:00 ,5,2,3,1,24
3024,03/15/2020T00:00:00 ,13,8,4,3,28
3168,03/16/2020T00:00:00 ,4,4,2,2,30
3312,03/17/2020T00:00:00 ,2,2,1,1,31
3456,03/18/2020T00:00:00 ,13,9,7,5,38
3600,03/19/2020T00:00:00 ,14,7,4,2,42
3744,03/20/2020T00:00:00 ,12,6,7,4,49
3888,03/21/2020T00:00:00 ,16,8,9,4,58
4032,03/22/2020T00:00:00 ,7,0,2,0,60
4176,03/23/2020T00:00:00 ,8,5,3,2,63
4320,03/24/2020T00:00:00 ,5,5,3,3,66
4464,03/25/2020T00:00:00 ,4,3,2,1,68
4608,03/26/2020T00:00:00 ,5,3,2,1,70
4752,03/27/2020T00:00:00 ,3,3,1,1,71
4896,03/28/2020T00:00:00 ,5,2,3,2,74
5040,03/29/2020T00:00:00 ,3,3,2,2,76
5184,03/30/2020T00:00:00 ,4,2,1,1,77
5328,03/31/2020T00:00:00 ,4,4,2,2,79
5472,04/01/2020T00:00:00 ,2,2,2,2,81
5616,04/02/2020T00:00:00 ,1,1,0,0,81
5760,04/03/2020T00:00:00 ,1,1,0,0,81
5904,04/04/2020T00:00:00 ,1,0,1,0,82
6048,04/05/2020T00:00:00 ,1,1,0,0,82
6192,04/06/2020T00:00:00 ,0,0,0,0,82
6336,04/07/2020T00:00:00 ,2,1,0,0,82
6480,04/08/2020T00:00:00 ,4,3,4,3,86
6624,04/09/2020T00:00:00 ,0,0,0,0,86
6768,04/10/2020T00:00:00 ,1,1,1,1,87
6912,04/11/2020T00:00:00 ,2,1,2,1,89
7056,04/12/2020T00:00:00 ,1,0,1,0,90
7200,04/13/2020T00:00:00 ,2,1,2,1,92
7344,04/14/2020T00:00:00 ,4,3,2,1,94
7488,04/15/2020T00:00:00 ,1,0,0,0,94
7632,04/16/2020T00:00:00 ,5,4,4,3,98
7776,04/17/2020T00:00:00 ,4,2,1,0,99
7920,04/18/2020T00:00:00 ,2,1,1,1,100
8064,04/19/2020T00:00:00 ,2,1,2,1,102
8208,04/20/2020T00:00:00 ,3,2,0,0,102
8352,04/21/2020T00:00:00 ,3,3,3,3,105
8496,04/22/2020T00:00:00 ,1,1,0,0,105
8640,04/23/2020T00:00:00 ,10,7,9,6,114
8784,04/24/2020T00:00:00 ,1,1,1,1,115
8928,04/25/2020T00:00:00 ,258,207,29,24,144
9072,04/26/2020T00:00:00 ,1,1,1,1,145
9216,04/27/2020T00:00:00 ,40,37,5,4,150
9360,04/28/2020T00:00:00 ,2,2,1,1,151
9504,04/29/2020T00:00:00 ,359,246,15,11,166
9648,04/30/2020T00:00:00 ,15,8,0,0,166
9792,05/01/2020T00:00:00 ,60,59,7,7,173
9936,05/02/2020T00:00:00 ,377,301,4,3,177
10080,05/03/2020T00:00:00 ,362,248,7,6,184
10224,05/04/2020T00:00:00 ,9,7,0,0,184
10368,05/05/2020T00:00:00 ,27,25,4,3,188
10512,05/06/2020T00:00:00 ,0,0,0,0,188
10656,05/07/2020T00:00:00 ,337,231,0,0,188
10800,05/08/2020T00:00:00 ,335,301,2,1,190
10944,05/09/2020T00:00:00 ,23,22,2,2,192
11088,05/10/2020T00:00:00 ,1,0,1,0,193
11232,05/11/2020T00:00:00 ,323,209,0,0,193
11376,05/12/2020T00:00:00 ,1,0,1,0,194
11520,05/13/2020T00:00:00 ,4,4,3,3,197
11664,05/14/2020T00:00:00 ,338,301,1,0,198
11808,05/15/2020T00:00:00 ,332,217,0,0,198
11952,05/16/2020T00:00:00 ,331,286,3,3,201
12096,05/17/2020T00:00:00 ,0,0,0,0,201
12240,05/18/2020T00:00:00 ,324,302,2,0,203
12384,05/19/2020T00:00:00 ,300,217,0,0,203
12528,05/20/2020T00:00:00 ,2,2,2,2,205
12672,05/21/2020T00:00:00 ,0,0,0,0,205
12816,05/22/2020T00:00:00 ,296,296,1,1,206
12960,05/23/2020T00:00:00 ,8,6,0,0,206
13104,05/24/2020T00:00:00 ,304,302,1,1,207
13248,05/25/2020T00:00:00 ,29,21,0,0,207
13392,05/26/2020T00:00:00 ,369,366,0,0,207
13536,05/27/2020T00:00:00 ,22,15,0,0,207
13680,05/28/2020T00:00:00 ,16,12,0,0,207
13824,05/29/2020T00:00:00 ,32,24,0,0,207
13968,05/30/2020T00:00:00 ,457,340,2,1,209
14112,05/31/2020T00:00:00 ,315,244,0,0,209
14256,06/01/2020T00:00:00 ,497,380,0,0,209
14400,06/02/2020T00:00:00 ,530,407,0,0,209
14544,06/03/2020T00:00:00 ,500,379,0,0,209
14688,06/04/2020T00:00:00 ,518,395,0,0,209
14832,06/05/2020T00:00:00 ,634,466,2,0,211
14976,06/06/2020T00:00:00 ,676,535,0,0,211
15120,06/07/2020T00:00:00 ,770,587,0,0,211
15264,06/08/2020T00:00:00 ,858,669,0,0,211
15408,06/09/2020T00:00:00 ,983,769,0,0,211
15552,06/10/2020T00:00:00 ,1040,807,0,0,211
15696,06/11/2020T00:00:00 ,1043,798,1,0,212
15840,06/12/2020T00:00:00 ,814,633,0,0,212
15984,06/13/2020T00:00:00 ,1240,959,0,0,212
16128,06/14/2020T00:00:00 ,1318,1016,0,0,212
16272,06/15/2020T00:00:00 ,1411,1080,0,0,212
16416,06/16/2020T00:00:00 ,1445,1124,0,0,212
16560,06/17/2020T00:00:00 ,1533,1155,0,0,212
16704,06/18/2020T00:00:00 ,1527,1159,0,0,212
16848,06/19/2020T00:00:00 ,1570,1223,0,0,212
16992,06/20/2020T00:00:00 ,1357,1023,0,0,212
17136,06/21/2020T00:00:00 ,1315,1030,0,0,212
17280,06/22/2020T00:00:00 ,1284,1000,0,0,212
17424,06/23/2020T00:00:00 ,1237,962,0,0,212
17568,06/24/2020T00:00:00 ,1229,924,0,0,212
17712,06/25/2020T00:00:00 ,1244,964,0,0,212
17856,06/26/2020T00:00:00 ,1319,999,0,0,212
18000,06/27/2020T00:00:00 ,1626,1218,0,0,212
18144,06/28/2020T00:00:00 ,1801,1395,0,0,212
18288,06/29/2020T00:00:00 ,2006,1564,0,0,212
18432,06/30/2020T00:00:00 ,2182,1720,0,0,212
